[DATA_STORE]
VOLTage = 10.260307    
CURRent = 0.000000
VOLTagttte = 0.000000
VOLTagnnttte = 0.000000
VOLTagnnttteds = 8.204814