[DATA_STORE]
VOLTage = -1.014594
CURRent = -1.035700    