[DATA_STORE]
VOLTage = 13.178962    
CURRent = 13.357281