[DATA_STORE]
VOLTage = 2.089224    
CURRent = 2.078352
VOLTagttte = 0.000000
VOLTagnnttte = 0.000000
VOLTagnnttteds = 8.204814