[DATA_STORE]
VOLTage = 2.041957    
CURRent = 2.029080