[DATA_STORE]
VOLTage = 8.217464
CURRent = 8.102471    
VOLTagttte = 0.000000
VOLTagnnttte = 0.000000
VOLTagnnttteds = 8.204814